[[[168 168 168]
  [118 117 118]
  [253 252 252]
  [253 253 253]
  [253 253 253]
  [253 253 254]
  [253 252 252]
  [253 252 251]
  [252 251 249]
  [251 249 249]
  [250 248 248]
  [248 246 246]
  [247 246 245]
  [243 243 243]
  [243 243 242]
  [118 118 118]]

 [[117 117 117]
  [252 252 252]
  [252 252 252]
  [252 252 253]
  [252 253 253]
  [250 250 250]
  [249 249 249]
  [250 249 248]
  [250 248 248]
  [248 246 246]
  [247 246 245]
  [244 243 242]
  [243 243 243]
  [242 242 241]
  [240 240 239]
  [236 236 236]]

 [[117 117 117]
  [252 252 252]
  [253 251 250]
  [250 250 250]
  [248 248 247]
  [248 246 246]
  [247 246 245]
  [247 245 245]
  [247 245 245]
  [244 243 242]
  [243 242 241]
  [240 240 240]
  [239 239 239]
  [237 237 237]
  [236 236 237]
  [233 233 233]]

 [[117 117 117]
  [249 249 249]
  [249 248 247]
  [247 247 247]
  [248 247 246]
  [245 245 245]
  [109 109 109]
  [112 112 112]
  [112 112 112]
  [112 112 112]
  [111 112 112]
  [112 112 112]
  [120 120 120]
  [236 235 234]
  [232 232 232]
  [231 229 229]]

 [[117 117 117]
  [247 246 245]
  [246 245 245]
  [244 244 244]
  [244 244 244]
  [242 242 240]
  [120 120 120]
  [126 126 126]
  [126 126 126]
  [126 126 126]
  [126 126 126]
  [121 121 121]
  [128 128 128]
  [232 231 230]
  [228 228 228]
  [226 226 226]]

 [[116 116 116]
  [244 244 244]
  [241 241 241]
  [240 241 240]
  [239 240 239]
  [240 239 238]
  [238 236 236]
  [237 236 235]
  [236 235 234]
  [232 232 232]
  [232 231 230]
  [229 229 230]
  [125 125 126]
  [226 226 226]
  [226 226 226]
  [223 222 223]]

 [[117 115 116]
  [239 239 239]
  [238 238 238]
  [108 108 108]
  [111 111 111]
  [110 111 111]
  [111 111 111]
  [111 111 111]
  [111 111 111]
  [118 118 117]
  [228 227 226]
  [225 225 226]
  [118 119 118]
  [223 223 224]
  [222 222 222]
  [220 220 220]]

 [[115 115 115]
  [237 236 235]
  [236 235 234]
  [113 112 114]
  [125 125 125]
  [124 124 124]
  [124 123 124]
  [124 124 124]
  [119 119 118]
  [125 125 125]
  [225 224 223]
  [223 222 221]
  [117 117 117]
  [221 221 221]
  [220 220 220]
  [217 217 217]]

 [[115 115 115]
  [234 233 232]
  [231 231 231]
  [117 117 117]
  [228 228 228]
  [227 227 227]
  [226 225 224]
  [224 224 223]
  [224 223 222]
  [123 123 123]
  [222 221 220]
  [112 112 112]
  [124 124 124]
  [219 218 217]
  [219 217 215]
  [218 216 214]]

 [[115 115 115]
  [230 229 229]
  [228 227 226]
  [116 116 116]
  [226 225 225]
  [223 223 223]
  [223 220 219]
  [224 220 219]
  [222 220 218]
  [116 116 116]
  [219 218 217]
  [219 216 215]
  [218 215 213]
  [218 213 212]
  [218 214 210]
  [218 214 211]]

 [[114 114 114]
  [224 224 224]
  [223 223 223]
  [112 112 112]
  [221 220 219]
  [219 219 219]
  [218 218 219]
  [218 217 216]
  [217 216 215]
  [113 114 114]
  [217 214 212]
  [217 213 211]
  [216 212 210]
  [217 214 211]
  [217 214 211]
  [220 215 211]]

 [[113 113 113]
  [222 221 220]
  [222 219 218]
  [114 114 114]
  [120 120 120]
  [114 114 114]
  [114 114 114]
  [114 114 114]
  [114 114 114]
  [122 122 122]
  [216 211 207]
  [216 213 210]
  [217 213 208]
  [220 215 210]
  [220 215 210]
  [221 215 209]]

 [[113 113 113]
  [218 217 216]
  [218 215 214]
  [216 215 215]
  [216 214 212]
  [215 212 211]
  [215 211 209]
  [215 212 209]
  [216 211 208]
  [214 211 208]
  [217 212 207]
  [217 212 207]
  [218 214 207]
  [218 214 208]
  [221 215 207]
  [221 215 206]]

 [[112 112 112]
  [214 213 212]
  [214 213 212]
  [214 212 210]
  [212 211 209]
  [213 211 207]
  [212 210 207]
  [214 211 207]
  [215 211 207]
  [217 212 207]
  [217 212 207]
  [220 213 206]
  [221 214 205]
  [221 214 205]
  [222 214 204]
  [221 214 205]]

 [[143 143 143]
  [112 112 112]
  [212 210 208]
  [212 210 208]
  [212 211 208]
  [214 211 209]
  [214 211 208]
  [215 211 207]
  [218 213 207]
  [216 212 206]
  [221 214 207]
  [221 214 207]
  [221 214 205]
  [220 214 204]
  [220 212 203]
  [112 112 112]]

 [[188 189 188]
  [142 142 142]
  [112 112 112]
  [112 112 112]
  [112 112 112]
  [112 112 112]
  [112 112 112]
  [112 112 111]
  [112 112 113]
  [113 111 112]
  [112 112 112]
  [112 112 112]
  [112 112 112]
  [112 112 111]
  [112 112 112]
  [143 142 144]]]

----------------------------------------------------------------------------------------------------

[[[168 168 168]
  [118 117 118]
  [253 252 252]
  [253 253 253]
  [253 253 253]
  [253 253 254]
  [253 252 252]
  [253 252 251]
  [252 251 249]
  [251 249 249]
  [250 248 248]
  [248 246 246]
  [247 246 245]
  [243 243 243]
  [243 243 242]
  [118 118 118]]

 [[117 117 117]
  [252 252 252]
  [252 252 252]
  [252 252 253]
  [252 253 253]
  [250 250 250]
  [249 249 249]
  [250 249 248]
  [250 248 248]
  [248 246 246]
  [247 246 245]
  [244 243 242]
  [243 243 243]
  [242 242 241]
  [240 240 239]
  [236 236 236]]

 [[117 117 117]
  [252 252 252]
  [253 251 250]
  [250 250 250]
  [248 248 247]
  [248 246 246]
  [247 246 245]
  [247 245 245]
  [247 245 245]
  [244 243 242]
  [243 242 241]
  [240 240 240]
  [239 239 239]
  [237 237 237]
  [236 236 237]
  [233 233 233]]

 [[117 117 117]
  [249 249 249]
  [249 248 247]
  [247 247 247]
  [248 247 246]
  [245 245 245]
  [109 109 109]
  [112 112 112]
  [112 112 112]
  [112 112 112]
  [111 112 112]
  [112 112 112]
  [120 120 120]
  [236 235 234]
  [232 232 232]
  [231 229 229]]

 [[117 117 117]
  [247 246 245]
  [246 245 245]
  [244 244 244]
  [244 244 244]
  [242 242 240]
  [120 120 120]
  [126 126 126]
  [126 126 126]
  [126 126 126]
  [126 126 126]
  [121 121 121]
  [128 128 128]
  [232 231 230]
  [228 228 228]
  [226 226 226]]

 [[116 116 116]
  [244 244 244]
  [241 241 241]
  [240 241 240]
  [239 240 239]
  [240 239 238]
  [238 236 236]
  [237 236 235]
  [236 235 234]
  [232 232 232]
  [232 231 230]
  [229 229 230]
  [125 125 126]
  [226 226 226]
  [226 226 226]
  [223 222 223]]

 [[117 115 116]
  [239 239 239]
  [238 238 238]
  [108 108 108]
  [111 111 111]
  [110 111 111]
  [111 111 111]
  [111 111 111]
  [111 111 111]
  [118 118 117]
  [228 227 226]
  [225 225 226]
  [118 119 118]
  [223 223 224]
  [222 222 222]
  [220 220 220]]

 [[115 115 115]
  [237 236 235]
  [236 235 234]
  [113 112 114]
  [125 125 125]
  [124 124 124]
  [124 123 124]
  [124 124 124]
  [119 119 118]
  [125 125 125]
  [225 224 223]
  [223 222 221]
  [117 117 117]
  [221 221 221]
  [220 220 220]
  [217 217 217]]

 [[115 115 115]
  [234 233 232]
  [231 231 231]
  [117 117 117]
  [228 228 228]
  [227 227 227]
  [226 225 224]
  [224 224 223]
  [224 223 222]
  [123 123 123]
  [222 221 220]
  [112 112 112]
  [124 124 124]
  [219 218 217]
  [219 217 215]
  [218 216 214]]

 [[115 115 115]
  [230 229 229]
  [228 227 226]
  [116 116 116]
  [226 225 225]
  [223 223 223]
  [223 220 219]
  [224 220 219]
  [222 220 218]
  [116 116 116]
  [219 218 217]
  [219 216 215]
  [218 215 213]
  [218 213 212]
  [218 214 210]
  [218 214 211]]

 [[114 114 114]
  [224 224 224]
  [223 223 223]
  [112 112 112]
  [221 220 219]
  [219 219 219]
  [218 218 219]
  [218 217 216]
  [217 216 215]
  [113 114 114]
  [217 214 212]
  [217 213 211]
  [216 212 210]
  [217 214 211]
  [217 214 211]
  [220 215 211]]

 [[113 113 113]
  [222 221 220]
  [222 219 218]
  [114 114 114]
  [120 120 120]
  [114 114 114]
  [114 114 114]
  [114 114 114]
  [114 114 114]
  [122 122 122]
  [216 211 207]
  [216 213 210]
  [217 213 208]
  [220 215 210]
  [220 215 210]
  [221 215 209]]

 [[113 113 113]
  [218 217 216]
  [218 215 214]
  [216 215 215]
  [216 214 212]
  [215 212 211]
  [215 211 209]
  [215 212 209]
  [216 211 208]
  [214 211 208]
  [217 212 207]
  [217 212 207]
  [218 214 207]
  [218 214 208]
  [221 215 207]
  [221 215 206]]

 [[112 112 112]
  [214 213 212]
  [214 213 212]
  [214 212 210]
  [212 211 209]
  [213 211 207]
  [212 210 207]
  [214 211 207]
  [215 211 207]
  [217 212 207]
  [217 212 207]
  [220 213 206]
  [221 214 205]
  [221 214 205]
  [222 214 204]
  [221 214 205]]

 [[143 143 143]
  [112 112 112]
  [212 210 208]
  [212 210 208]
  [212 211 208]
  [214 211 209]
  [214 211 208]
  [215 211 207]
  [218 213 207]
  [216 212 206]
  [221 214 207]
  [221 214 207]
  [221 214 205]
  [220 214 204]
  [220 212 203]
  [112 112 112]]

 [[188 189 188]
  [142 142 142]
  [112 112 112]
  [112 112 112]
  [112 112 112]
  [112 112 112]
  [112 112 112]
  [112 112 111]
  [112 112 113]
  [113 111 112]
  [112 112 112]
  [112 112 112]
  [112 112 112]
  [112 112 111]
  [112 112 112]
  [143 142 144]]]
The images have same size and channels
The images are completely Equal
[[[200 208 212]
  [200 208 212]
  [255 255 255]
  [200 208 212]
  [205 202 204]
  [245 130 100]
  [255 125  86]
  [255 159 130]
  [255 188 166]
  [253 127  98]
  [226  66  51]
  [ 77  90  68]
  [  1 144 182]
  [ 28 181 223]
  [ 50 188 217]
  [ 49 197 221]
  [ 20 216 254]
  [ 78 168 192]
  [161 164 167]
  [185 192 196]
  [200 208 212]
  [200 208 212]
  [200 208 212]
  [  0   0   0]
  [  0   0   0]
  [  0   0   0]
  [  0   0   0]
  [  0   0   0]
  [200 208 212]
  [  0   0   0]
  [  0   0   0]
  [200 208 212]
  [200 208 212]
  [200 208 212]
  [200 208 212]
  [  0   0   0]
  [  0   0   0]
  [  0   0   0]
  [  0   0   0]
  [  0   0   0]
  [200 208 212]
  [  0   0   0]
  [  0   0   0]
  [200 208 212]
  [200 208 212]
  [200 208 212]
  [  0   0   0]
  [  0   0   0]
  [200 208 212]
  [200 208 212]
  [200 208 212]
  [200 208 212]
  [128 128 128]
  [ 64  64  64]
  [200 208 212]
  [200 208 212]
  [200 208 212]
  [200 208 212]
  [200 208 212]
  [200 208 212]
  [200 208 212]
  [200 208 212]
  [200 208 212]
  [200 208 212]
  [200 208 212]
  [200 208 212]
  [200 208 212]
  [200 208 212]
  [200 208 212]
  [200 208 212]
  [200 208 212]
  [200 208 212]
  [200 208 212]
  [200 208 212]
  [200 208 212]
  [200 208 212]
  [200 208 212]
  [200 208 212]
  [200 208 212]
  [200 208 212]
  [200 208 212]
  [200 208 212]
  [200 208 212]
  [200 208 212]
  [200 208 212]
  [200 208 212]
  [200 208 212]
  [200 208 212]
  [200 208 212]
  [200 208 212]
  [200 208 212]
  [200 208 212]
  [200 208 212]
  [200 208 212]
  [200 208 212]
  [ 64  64  64]
  [128 128 128]
  [255 255 255]
  [200 208 212]
  [255 255 255]
  [255 255 255]
  [255 255 255]
  [ 92  90  87]
  [ 16  13  13]
  [ 44  63  39]
  [ 43  62  38]
  [ 19  17  17]
  [ 18  15  14]
  [ 17  14  16]
  [ 50  75  44]
  [ 33  37  28]
  [ 44  57  41]
  [ 27  29  23]
  [143 142 142]
  [255 255 255]
  [255 255 255]
  [200 208 212]
  [255 255 255]
  [200 208 212]
  [255 255 255]
  [  0   0   0]
  [  0   0   0]
  [  0   0   0]
  [  0   0   0]
  [  0   0   0]
  [255 255 255]
  [200 208 212]
  [  0   0   0]
  [  0   0   0]
  [255 255 255]
  [200 208 212]
  [255 255 255]
  [200 208 212]
  [255 255 255]
  [200 208 212]
  [  0   0   0]
  [  0   0   0]
  [255 255 255]
  [200 208 212]
  [255 255 255]
  [200 208 212]
  [255 255 255]
  [200 208 212]
  [255 255 255]
  [200 208 212]
  [255 255 255]
  [200 208 212]
  [255 255 255]
  [200 208 212]
  [255 255 255]
  [200 208 212]
  [255 255 255]
  [200 208 212]
  [255 255 255]
  [200 208 212]
  [255 255 255]
  [200 208 212]
  [255 255 255]
  [200 208 212]
  [255 255 255]
  [200 208 212]
  [255 255 255]
  [200 208 212]
  [255 255 255]
  [200 208 212]
  [255 255 255]
  [200 208 212]
  [255 255 255]
  [200 208 212]
  [255 255 255]
  [200 208 212]
  [255 255 255]
  [200 208 212]
  [255 255 255]
  [200 208 212]
  [255 255 255]
  [200 208 212]
  [255 255 255]
  [200 208 212]
  [255 255 255]
  [200 208 212]
  [255 255 255]
  [200 208 212]
  [255 255 255]
  [200 208 212]
  [255 255 255]
  [200 208 212]
  [255 255 255]
  [200 208 212]
  [255 255 255]
  [200 208 212]
  [255 255 255]
  [200 208 212]
  [255 255 255]
  [200 208 212]
  [255 255 255]
  [200 208 212]
  [255 255 255]
  [200 208 212]
  [255 255 255]
  [200 208 212]
  [255 255 255]
  [200 208 212]
  [255 255 255]
  [200 208 212]
  [255 255 255]
  [200 208 212]
  [255 255 255]
  [200 208 212]
  [255 255 255]
  [200 208 212]
  [255 255 255]
  [200 208 212]
  [255 255 255]
  [200 208 212]
  [255 255 255]
  [200 208 212]
  [255 255 255]
  [200 208 212]
  [255 255 255]
  [200 208 212]
  [255 255 255]
  [200 208 212]
  [255 255 255]
  [200 208 212]
  [255 255 255]
  [200 208 212]
  [255 255 255]
  [200 208 212]
  [255 255 255]]]

----------------------------------------------------------------------------------------------------

[[[200 208 212]
  [200 208 212]
  [255 255 255]
  [200 208 212]
  [205 202 204]
  [245 130 100]
  [255 125  86]
  [255 159 130]
  [255 188 166]
  [253 127  98]
  [226  66  51]
  [ 77  90  68]
  [  1 144 182]
  [ 28 181 223]
  [ 50 188 217]
  [ 49 197 221]
  [ 20 216 254]
  [ 78 168 192]
  [161 164 167]
  [185 192 196]
  [200 208 212]
  [200 208 212]
  [200 208 212]
  [  0   0   0]
  [  0   0   0]
  [  0   0   0]
  [  0   0   0]
  [  0   0   0]
  [200 208 212]
  [  0   0   0]
  [  0   0   0]
  [200 208 212]
  [200 208 212]
  [200 208 212]
  [200 208 212]
  [  0   0   0]
  [  0   0   0]
  [  0   0   0]
  [  0   0   0]
  [  0   0   0]
  [200 208 212]
  [  0   0   0]
  [  0   0   0]
  [200 208 212]
  [200 208 212]
  [200 208 212]
  [  0   0   0]
  [  0   0   0]
  [200 208 212]
  [200 208 212]
  [200 208 212]
  [200 208 212]
  [128 128 128]
  [ 64  64  64]
  [200 208 212]
  [200 208 212]
  [200 208 212]
  [200 208 212]
  [200 208 212]
  [ 64  64  64]
  [128 128 128]
  [255 255 255]
  [200 208 212]
  [255 255 255]
  [255 255 255]
  [255 255 255]
  [ 92  90  87]
  [ 16  13  13]
  [ 44  63  39]
  [ 43  62  38]
  [ 19  17  17]
  [ 18  15  14]
  [ 17  14  16]
  [ 50  75  44]
  [ 33  37  28]
  [ 44  57  41]
  [ 27  29  23]
  [143 142 142]
  [255 255 255]
  [255 255 255]
  [200 208 212]
  [255 255 255]
  [200 208 212]
  [255 255 255]
  [  0   0   0]
  [  0   0   0]
  [  0   0   0]
  [  0   0   0]
  [  0   0   0]
  [255 255 255]
  [200 208 212]
  [  0   0   0]
  [  0   0   0]
  [255 255 255]
  [200 208 212]
  [255 255 255]
  [200 208 212]
  [255 255 255]
  [200 208 212]
  [  0   0   0]
  [  0   0   0]
  [255 255 255]
  [200 208 212]
  [255 255 255]
  [200 208 212]
  [255 255 255]
  [200 208 212]
  [255 255 255]
  [200 208 212]
  [255 255 255]
  [200 208 212]
  [255 255 255]
  [200 208 212]
  [255 255 255]
  [200 208 212]
  [255 255 255]
  [200 208 212]
  [255 255 255]
  [200 208 212]
  [255 255 255]
  [200 208 212]
  [255 255 255]
  [200 208 212]
  [255 255 255]
  [200 208 212]
  [255 255 255]
  [200 208 212]
  [255 255 255]
  [200 208 212]
  [255 255 255]
  [200 208 212]
  [255 255 255]
  [200 208 212]
  [255 255 255]
  [200 208 212]
  [255 255 255]
  [200 208 212]
  [255 255 255]
  [200 208 212]
  [255 255 255]
  [200 208 212]
  [255 255 255]
  [200 208 212]
  [255 255 255]
  [200 208 212]
  [255 255 255]
  [200 208 212]
  [255 255 255]
  [200 208 212]
  [255 255 255]
  [200 208 212]
  [255 255 255]
  [200 208 212]
  [255 255 255]
  [200 208 212]
  [255 255 255]
  [200 208 212]
  [255 255 255]
  [200 208 212]
  [255 255 255]
  [200 208 212]
  [255 255 255]
  [200 208 212]
  [255 255 255]
  [200 208 212]
  [255 255 255]
  [200 208 212]
  [255 255 255]
  [200 208 212]
  [255 255 255]
  [200 208 212]
  [255 255 255]
  [200 208 212]
  [255 255 255]
  [200 208 212]
  [255 255 255]
  [200 208 212]
  [255 255 255]
  [200 208 212]
  [255 255 255]
  [200 208 212]
  [255 255 255]
  [200 208 212]
  [255 255 255]
  [200 208 212]
  [255 255 255]
  [200 208 212]
  [255 255 255]
  [200 208 212]
  [255 255 255]
  [200 208 212]
  [255 255 255]
  [200 208 212]
  [255 255 255]
  [200 208 212]
  [255 255 255]
  [200 208 212]
  [255 255 255]
  [200 208 212]
  [255 255 255]
  [200 208 212]
  [255 255 255]
  [200 208 212]
  [255 255 255]
  [200 208 212]
  [255 255 255]
  [200 208 212]
  [255 255 255]
  [200 208 212]
  [255 255 255]
  [200 208 212]
  [255 255 255]
  [200 208 212]
  [255 255 255]
  [200 208 212]
  [255 255 255]
  [200 208 212]
  [200 208 212]
  [255 255 255]
  [200 208 212]
  [200 208 212]
  [200 208 212]
  [200 208 212]
  [200 208 212]
  [200 208 212]
  [200 208 212]
  [200 208 212]
  [200 208 212]
  [200 208 212]
  [200 208 212]]]
The images have same size and channels
False
